{"skeleton":[{"name":"root","parent":"root","initpos":[0.0,0.0,-0.0],"initquaternion":[0.707106,0.0,0.0,0.707106],"initscale":[1.0,0.999999,0.999999],"offmtx":[[1.0,0.0,0.0,0.0],[0.0,1.0,0.0,0.0],[0.0,0.0,1.0,0.0]],"boundingbox":[[0.0,0.0,0.0],[0.0,0.0,0.0]]},{"name":"bone02","parent":"root","initpos":[2.662073370629514e-7,7.341458,-28.448673],"initquaternion":[0.500101,-0.499898,0.500101,-0.499898],"initscale":[0.999999,0.999999,0.999999],"offmtx":[[-0.0,-0.000407,-0.999999,7.353047],[-0.0,0.999999,-0.000407,-28.44568],[1.0,0.0,-0.0,-0.0]],"boundingbox":[[-0.002802,-6.570866,-7.723237],[15.450681,6.676637,7.723237]]},{"name":"bone03","parent":"bone02","initpos":[2.610285,-0.98188,-0.0],"initquaternion":[-0.0,-0.0,0.975469,-0.220136],"initscale":[1.0,1.0,1.0],"offmtx":[[-0.0,-0.429105,0.903254,7.511869],[-1.1224727103353871e-7,-0.903254,-0.429105,26.838888],[1.0,-1.0455369903183964e-7,-0.0,0.000002]],"boundingbox":[[-0.028934,-6.151463,-5.581665],[5.664774,6.220386,5.629225]]},{"name":"bone04","parent":"bone03","initpos":[3.279427,-0.417558,0.0],"initquaternion":[-0.0,-0.0,0.346884,0.937907],"initscale":[1.0,1.0,1.0],"offmtx":[[0.0,-0.913577,0.406663,20.949419],[-1.678561289963909e-7,-0.406663,-0.913577,17.942941],[1.0,-0.0,-1.827738600468365e-7,0.000001]],"boundingbox":[[-0.058362,-8.276597,-4.413734],[10.02576,4.481372,4.413738]]},{"name":"bone05","parent":"bone04","initpos":[7.708042,-0.740852,0.0],"initquaternion":[-0.0,-0.0,0.292271,0.956335],"initscale":[0.999999,0.999999,1.0],"offmtx":[[-0.0,-0.984829,-0.173521,21.423751],[-3.544722915194143e-7,0.173521,-0.984829,8.089555],[1.0,0.0,-3.515925754982163e-7,0.000002]],"boundingbox":[[0.036167,-6.276406,-3.394276],[11.247926,3.356241,3.332257]]},{"name":"bone06","parent":"bone05","initpos":[10.025518,-0.076732,0.0],"initquaternion":[-1.673021472470282e-7,0.0,0.133698,0.991022],"initscale":[0.999999,0.999999,1.0],"offmtx":[[-1.9523560013112729e-7,-0.903639,-0.428294,13.154783],[-6.63826824620628e-7,0.428294,-0.903639,4.85384],[1.0,1.0789091930973882e-7,-6.83478162954998e-7,0.000005]],"boundingbox":[[0.044425,-5.731913,-2.745583],[11.290254,2.826643,2.859864]]},{"name":"bone07","parent":"bone06","initpos":[11.261383,9.5367431640625e-7,1.486982910137158e-7],"initquaternion":[2.3840021867727047e-7,-0.0,-0.012422,0.999922],"initscale":[0.999999,0.999999,1.0],"offmtx":[[-1.612744569001734e-7,-0.914,-0.405714,1.772235],[-1.9163481113082526e-7,0.405714,-0.914,4.899377],[1.0,-0.0,-2.4058550707195538e-7,0.000002]],"boundingbox":[[-0.067494,-3.848696,-2.2116],[9.604672,2.397349,2.29676]]},{"name":"bone08","parent":"bone07","initpos":[9.507122,-9.5367431640625e-7,-0.0],"initquaternion":[0.0,0.0,0.014812,0.99989],"initscale":[0.999999,0.999999,1.0],"offmtx":[[-1.64002599944979e-7,-0.901581,-0.43261,-7.586366],[-1.8677356194984896e-7,0.43261,-0.901581,5.126347],[1.0,-0.0,-2.3934063619890369e-7,0.000002]],"boundingbox":[[-0.023668,-2.941761,-3.971509],[7.255569,1.440541,3.971517]]},{"name":"bone09","parent":"bone08","initpos":[6.70412,0.0,0.0],"initquaternion":[4.3393421833570758e-7,-0.0,-0.002583,0.999996],"initscale":[1.0,1.0,1.0],"offmtx":[[-1.630351675885322e-7,-0.903804,-0.427944,-14.316787],[6.802526968385791e-7,0.427944,-0.903804,5.052425],[1.0,-4.384626208775444e-7,5.450456228572875e-7,-0.000001]],"boundingbox":[[-1.426606,-2.421265,-4.979611],[6.102795,0.810441,4.97962]]},{"name":"bone10","parent":"bone09","initpos":[5.078094,0.000001,-0.0],"initquaternion":[0.000001,-0.0,-0.006549,0.999978],"initscale":[0.999999,0.999999,1.0],"offmtx":[[-1.7193151791161655e-7,-0.909332,-0.416069,-19.459398],[0.000003,0.416069,-0.909332,4.797943],[1.0,-0.000001,0.000003,-0.000015]],"boundingbox":[[-0.212986,-0.454102,-1.910891],[7.434696,0.463861,2.08911]]},{"name":"bone11","parent":"bone10","initpos":[7.418201,-0.000003,-0.0],"initquaternion":[0.000001,4.804907121069846e-7,0.269748,0.96293],"initscale":[1.0,1.0,1.0],"offmtx":[[0.000001,-0.560852,-0.827915,-20.473638],[0.000006,0.827915,-0.560852,18.062559],[1.0,-0.000004,0.000004,-0.000076]],"boundingbox":[[0.005534,-0.330977,-1.431806],[3.012856,0.212028,1.568201]]},{"name":"bone13","parent":"bone02","initpos":[13.969383,-0.009689,0.0],"initquaternion":[-1.349144724827056e-7,-0.0,0.002351,0.999997],"initscale":[1.0,1.0,1.0],"offmtx":[[-0.0,0.004295,-0.99999,-6.749984],[-2.8139817231931377e-7,0.99999,0.004295,-28.40456],[1.0,2.8175207944514116e-7,-0.0,-0.000007]],"boundingbox":[[-0.091033,-6.239459,-6.726981],[5.567319,6.116487,6.726982]]},{"name":"bone14","parent":"bone13","initpos":[4.848686,-0.068355,-0.000001],"initquaternion":[2.375300454104945e-7,0.0,0.086253,0.996273],"initscale":[0.999999,0.999999,1.0],"offmtx":[[-1.301310845747139e-7,0.176094,-0.984373,-16.296073],[2.1389142546013319e-7,0.984373,0.176094,-25.921184],[1.0,-1.8763368814234128e-7,-1.6576255745803793e-7,0.000006]],"boundingbox":[[-0.012773,-4.975306,-5.517168],[4.425599,4.96653,5.517173]]},{"name":"bone15","parent":"bone14","initpos":[3.680274,-0.173423,0.000003],"initquaternion":[0.0,0.0,0.090818,0.995867],"initscale":[0.999999,0.999999,1.0],"offmtx":[[-0.0,0.351249,-0.936281,-24.30425],[2.3390202841255815e-7,0.936281,0.351249,-21.709547],[1.0,-1.8763364550977713e-7,-1.657625290363285e-7,0.000002]],"boundingbox":[[-0.065459,-3.883216,-4.413738],[5.52743,3.894736,4.413735]]},{"name":"bone16","parent":"bone15","initpos":[5.234012,0.195211,-0.0],"initquaternion":[-1.7105138283568523e-7,0.0,-0.047671,0.998863],"initscale":[1.0,1.0,1.0],"offmtx":[[-1.111637359940687e-7,0.260487,-0.965477,-27.317945],[-1.1815702549711205e-7,0.965477,0.260487,-24.618247],[1.0,1.4303466855380976e-7,-0.0,-0.000005]],"boundingbox":[[-0.039747,-2.793585,-3.310304],[3.280067,2.729299,3.310299]]},{"name":"bone17","parent":"bone16","initpos":[2.11449,-0.189172,0.0],"initquaternion":[0.0,0.0,-0.217545,0.97605],"initscale":[0.999999,0.999999,1.0],"offmtx":[[-0.0,-0.174178,-0.984713,-16.272245],[-1.5546694953627594e-7,0.984713,-0.174178,-34.615917],[1.0,1.4430074202209654e-7,-0.0,-0.000005]],"boundingbox":[[-0.003597,-3.81576,-4.463293],[9.625757,5.036393,4.405006]]},{"name":"bone18","parent":"bone17","initpos":[8.618017,-0.083473,0.0],"initquaternion":[0.0,0.0,0.005136,0.999986],"initscale":[1.0,1.0,1.0],"offmtx":[[-0.0,-0.164053,-0.986451,-25.243692],[-1.5494030947138527e-7,0.986451,-0.164053,-34.274921],[1.0,1.4430072781124182e-7,-0.0,-0.000005]],"boundingbox":[[-0.027847,-3.088343,-2.707394],[5.208118,1.661194,2.744032]]},{"name":"bone19","parent":"bone17","initpos":[8.592245,-2.519653,0.0],"initquaternion":[0.0,0.0,-0.005596,0.999984],"initscale":[0.999999,0.999999,1.0],"offmtx":[[-0.0,-0.18519,-0.982702,-24.50366],[-1.5646942586045044e-7,0.982702,-0.18519,-32.37257],[1.0,1.447403406018566e-7,-0.0,-0.000005]],"boundingbox":[[-0.003822,-1.254718,-2.484175],[5.030178,1.306333,2.520815]]},{"name":"bone20","parent":"bone17","initpos":[3.432132,2.092071,-2.665956],"initquaternion":[-0.106549,0.072916,0.897252,0.422218],"initscale":[1.0,1.0,0.999999],"offmtx":[[-0.252777,0.838912,0.482005,-15.684494],[0.040875,-0.488479,0.871617,38.574531],[0.96666,0.240027,0.089185,-2.974635]],"boundingbox":[[-0.550266,-2.618818,-2.416239],[12.464207,1.9517,2.170679]]},{"name":"bone21","parent":"bone17","initpos":[1.731824,-0.224617,-3.98262],"initquaternion":[-0.415553,-0.005742,0.909463,-0.012567],"initscale":[0.999999,0.999999,0.999999],"offmtx":[[-0.756005,0.096158,0.647463,9.391446],[-8.791682830633363e-7,-0.98915,0.146903,33.88068],[0.654564,0.111059,0.747803,16.931304]],"boundingbox":[[-0.487838,-4.43435,-0.454423],[6.353828,4.215239,1.590784]]},{"name":"bone22","parent":"bone17","initpos":[1.731822,-0.224624,3.983377],"initquaternion":[-0.012567,0.909463,-0.005742,-0.415553],"initscale":[1.0,1.0,1.0],"offmtx":[[0.756005,0.096158,0.647463,9.390882],[-8.791685104370117e-7,0.98915,-0.146903,-33.880672],[-0.654565,0.111059,0.747803,16.931802]],"boundingbox":[[-0.412144,-4.215232,-0.519966],[6.429523,4.434359,1.525245]]},{"name":"bone23","parent":"bone17","initpos":[3.432134,2.092075,2.666046],"initquaternion":[0.422218,0.897252,0.072916,-0.106549],"initscale":[0.999999,0.999999,0.999999],"offmtx":[[0.252776,0.838912,0.482005,-15.684506],[0.040875,0.488479,-0.871617,-38.574546],[-0.96666,0.240027,0.089185,-2.97457]],"boundingbox":[[-0.564703,-1.954038,-2.361037],[12.449769,2.616476,2.225879]]},{"name":"bone29","parent":"bone02","initpos":[8.07377,5.266679,-7.520612],"initquaternion":[0.349858,0.261129,-0.70404,0.560123],"initscale":[0.999999,0.999999,0.999999],"offmtx":[[-0.785157,-0.60593,0.127968,14.616277],[0.024236,-0.236542,-0.971318,7.443219],[0.618821,-0.759536,0.200408,30.406667]],"boundingbox":[[-0.091321,-2.591127,-2.679046],[4.464509,2.698467,2.691537]]},{"name":"bone30","parent":"bone29","initpos":[2.875476,0.172863,-1.007822],"initquaternion":[-0.013038,-0.238675,-0.001505,0.97101],"initscale":[0.999999,0.999999,0.999999],"offmtx":[[-0.408764,-0.889758,0.203082,24.989336],[0.001821,-0.223317,-0.974743,6.602375],[0.912638,-0.39807,0.092904,22.572465]],"boundingbox":[[0.020058,-3.23075,-3.316158],[8.290027,3.375621,3.251152]]},{"name":"bone31","parent":"bone30","initpos":[7.171905,-0.671185,-0.241622],"initquaternion":[0.00415,-0.093504,-0.005655,0.995594],"initscale":[0.999999,0.999999,0.999999],"offmtx":[[-0.231735,-0.94555,0.228545,21.663736],[0.006043,-0.236336,-0.971652,7.672361],[0.972759,-0.223785,0.060481,19.043775]],"boundingbox":[[-0.237028,-3.223709,-2.979233],[5.158416,3.428176,2.614358]]},{"name":"bone32","parent":"bone31","initpos":[3.586595,1.724628,-0.259504],"initquaternion":[-0.079509,-0.062758,0.474348,0.87449],"initscale":[0.999999,0.999998,0.999999],"offmtx":[[-0.087152,-0.718704,-0.689832,15.456301],[1.8998991890839535e-7,0.692467,-0.721449,-15.454504],[0.996195,-0.062876,-0.06035,16.032365]],"boundingbox":[[-0.103891,-3.26531,-3.348561],[7.258024,3.398269,3.393618]]},{"name":"bone33","parent":"bone32","initpos":[7.067964,0.867632,0.385513],"initquaternion":[0.011448,-0.042088,-0.262218,0.964022],"initscale":[0.999999,1.0,1.0],"offmtx":[[-0.0,-0.972806,-0.231621,16.648561],[0.000001,0.231621,-0.972806,-9.149716],[1.0,-2.8312280164755068e-7,0.000001,14.856252]],"boundingbox":[[-0.023826,-1.254199,-2.419897],[4.872437,1.29556,2.410514]]},{"name":"bone34","parent":"bone33","initpos":[4.711279,0.595018,-1.964774],"initquaternion":[-0.000008,0.000001,-0.120029,0.99277],"initscale":[1.0,1.0,1.0],"offmtx":[[-0.0,-0.999976,0.006896,13.915727],[-0.000058,-0.006896,-0.999976,-6.619997],[1.0,-4.894970402347099e-7,-0.000058,16.820631]],"boundingbox":[[-0.00041,-0.562806,-0.566766],[1.215492,0.65317,0.640909]]},{"name":"bone35","parent":"bone34","initpos":[1.09101,-4.76837158203125e-7,0.000001],"initquaternion":[0.000008,0.000001,-0.172809,0.984955],"initscale":[1.0,1.0,1.0],"offmtx":[[0.0,-0.937904,0.346895,14.31199],[-9.123972404267988e-7,-0.346894,-0.937903,-1.85793],[1.0,-2.3223630307711574e-7,-8.869093335306388e-7,16.821012]],"boundingbox":[[0.009702,-0.586753,-0.566734],[1.22356,0.627103,0.640871]]},{"name":"bone36","parent":"bone35","initpos":[1.171236,9.5367431640625e-7,-0.0],"initquaternion":[-0.0,0.0,-0.182463,0.983212],"initscale":[0.999999,0.999999,1.0],"offmtx":[[1.1911167518974253e-7,-0.750986,0.660317,12.932386],[-6.508293495244288e-7,-0.660316,-0.750986,2.98069],[1.0,-3.4030273354801468e-7,-5.674158956026076e-7,16.821016]],"boundingbox":[[-0.064543,-0.609153,-0.566732],[2.318934,0.724122,0.640871]]},{"name":"bone37","parent":"bone33","initpos":[0.395341,-0.181818,2.475781],"initquaternion":[-0.029298,-0.160351,-0.113633,0.980059],"initscale":[0.999999,0.999999,0.999999],"offmtx":[[0.320965,-0.94707,-0.00619,20.884569],[-0.020987,-0.000577,-0.999779,-5.207856],[0.946858,0.321025,-0.020062,5.88042]],"boundingbox":[[-0.015584,-0.640156,-0.608216],[1.226108,0.599246,0.649855]]},{"name":"bone38","parent":"bone37","initpos":[1.11552,0.118877,0.171313],"initquaternion":[0.010107,0.034149,-0.003189,0.99936],"initscale":[1.0,0.999999,0.999999],"offmtx":[[0.25564,-0.966771,0.000877,19.36277],[0.000206,-0.000853,-0.999999,-5.07178],[0.966771,0.25564,-0.000018,7.151465]],"boundingbox":[[-0.04563,-0.587377,-0.658144],[1.260066,0.621349,0.646513]]},{"name":"bone39","parent":"bone38","initpos":[1.088657,0.000001,-4.76837158203125e-7],"initquaternion":[-0.000334,0.123282,0.002929,0.992367],"initscale":[0.999999,0.999999,0.999999],"offmtx":[[0.011312,-0.999924,-0.004877,15.939386],[-0.001275,0.004863,-0.999987,-5.179417],[0.999935,0.011318,-0.00122,11.398212]],"boundingbox":[[-0.011815,-0.588584,-0.568298],[2.396905,0.636039,0.713638]]},{"name":"bone40","parent":"bone33","initpos":[4.711275,0.595018,0.085225],"initquaternion":[2.85336909655598e-7,0.0,-0.120029,0.99277],"initscale":[1.0,1.0,1.0],"offmtx":[[-0.0,-0.999976,0.006896,13.915732],[-0.00004,-0.006896,-0.999976,-6.619613],[1.0,-3.6662279967458746e-7,-0.00004,14.770751]],"boundingbox":[[-0.000405,-0.562791,-0.621736],[1.215497,0.653162,0.585915]]},{"name":"bone41","parent":"bone40","initpos":[1.091008,0.0,0.000001],"initquaternion":[-2.4582485025348435e-7,-0.0,-0.172809,0.984955],"initscale":[1.0,1.0,1.0],"offmtx":[[-1.2639266344649514e-7,-0.937904,0.346895,14.311993],[-8.480683391098864e-7,-0.346894,-0.937903,-1.857925],[1.0,-4.1273477791037296e-7,-7.515617426179233e-7,14.771016]],"boundingbox":[[0.009706,-0.586751,-0.621717],[1.223564,0.627105,0.585887]]},{"name":"bone42","parent":"bone41","initpos":[1.171236,-4.76837158203125e-7,-0.000001],"initquaternion":[2.3446850150321553e-7,-0.0,-0.181275,0.983432],"initscale":[1.0,1.0,1.0],"offmtx":[[-1.059996108665473e-7,-0.752579,0.658501,12.939548],[-0.0,-0.658501,-0.752578,2.949465],[1.0,-0.0,0.0,14.771018]],"boundingbox":[[-0.063111,-0.609312,-0.621714],[2.320397,0.721381,0.585888]]},{"name":"bone43","parent":"bone33","initpos":[4.711279,0.595016,1.835225],"initquaternion":[2.85336909655598e-7,0.0,-0.120029,0.99277],"initscale":[1.0,1.0,1.0],"offmtx":[[-0.0,-0.999976,0.006896,13.915726],[-0.00004,-0.006896,-0.999976,-6.619543],[1.0,-3.6662279967458746e-7,-0.00004,13.020751]],"boundingbox":[[-0.000411,-0.562792,-0.632335],[1.215491,0.653162,0.575316]]},{"name":"bone44","parent":"bone43","initpos":[1.091007,-4.76837158203125e-7,0.000001],"initquaternion":[-2.4582485025348435e-7,-0.0,-0.172809,0.984955],"initscale":[1.0,1.0,1.0],"offmtx":[[-1.2639266344649514e-7,-0.937904,0.346895,14.311989],[-8.480683391098864e-7,-0.346894,-0.937903,-1.857924],[1.0,-4.1273477791037296e-7,-7.515617426179233e-7,13.021016]],"boundingbox":[[0.009702,-0.586752,-0.632316],[1.22356,0.627104,0.575288]]},{"name":"bone45","parent":"bone44","initpos":[1.171236,9.5367431640625e-7,-0.000001],"initquaternion":[-0.0,-0.0,-0.182195,0.983262],"initscale":[0.999999,0.999999,1.0],"offmtx":[[-0.0,-0.751346,0.659908,12.934002],[-5.0491951242293e-7,-0.659908,-0.751345,2.973659],[1.0,-3.6912967971147739e-7,-3.4781294289132349e-7,13.021018]],"boundingbox":[[-0.064221,-0.609189,-0.632315],[2.319264,0.723506,0.575288]]},{"name":"bone59","parent":"bone02","initpos":[8.073768,5.266672,7.521385],"initquaternion":[-0.560123,0.70404,-0.261129,-0.349858],"initscale":[0.999999,1.0,0.999999],"offmtx":[[0.785157,-0.605929,0.127968,14.615659],[0.024236,0.236542,0.971318,-7.443238],[-0.618821,-0.759537,0.200409,30.407144]],"boundingbox":[[-0.014276,-2.696087,-2.739777],[4.541552,2.593508,2.630808]]},{"name":"bone60","parent":"bone59","initpos":[2.875474,-0.172861,-1.007827],"initquaternion":[0.013038,-0.238675,0.001505,0.97101],"initscale":[0.999999,0.999999,0.999999],"offmtx":[[0.408764,-0.889758,0.203082,24.989021],[0.001821,0.223317,0.974743,-6.602381],[-0.912638,-0.39807,0.092904,22.573179]],"boundingbox":[[0.060166,-3.375442,-3.405712],[8.350911,3.23093,3.161601]]},{"name":"bone61","parent":"bone60","initpos":[7.171899,0.671182,-0.241619],"initquaternion":[-0.004151,-0.093504,0.005656,0.995594],"initscale":[0.999999,0.999999,0.999999],"offmtx":[[0.231735,-0.94555,0.228546,21.66356],[0.006044,0.236336,0.971652,-7.672382],[-0.972759,-0.223785,0.060482,19.044532]],"boundingbox":[[-0.214283,-3.427583,-3.07469],[5.181161,3.224306,3.009338]]},{"name":"bone62","parent":"bone61","initpos":[3.586599,-1.724632,-0.259502],"initquaternion":[0.079509,-0.062758,-0.474348,0.87449],"initscale":[0.999999,0.999999,0.999999],"offmtx":[[0.087153,-0.718704,-0.689832,15.456226],[-1.303851746570217e-7,-0.692467,0.721449,15.454512],[-0.996195,-0.062876,-0.06035,16.033126]],"boundingbox":[[-0.095339,-3.398264,-3.446319],[7.266575,3.265313,3.295861]]},{"name":"bone46","parent":"bone62","initpos":[7.067857,-0.867628,0.386775],"initquaternion":[-0.011448,-0.042088,0.262218,0.964022],"initscale":[0.999999,1.0,1.0],"offmtx":[[4.172323428974778e-7,-0.972805,-0.231621,16.648542],[-0.000001,-0.231621,0.972805,9.14976],[-1.0,-0.0,-0.000001,14.855738]],"boundingbox":[[-0.023834,-1.295561,-2.519292],[4.87243,1.254202,2.31112]]},{"name":"bone47","parent":"bone46","initpos":[4.711276,-0.595021,0.085219],"initquaternion":[-1.0677599249220293e-7,-0.0,0.120029,0.99277],"initscale":[1.0,1.0,1.0],"offmtx":[[2.2762682760912868e-7,-0.999976,0.006895,13.915718],[0.000046,0.006895,0.999975,6.618336],[-1.0,0.0,0.000046,14.770839]],"boundingbox":[[-0.00041,-0.653153,-0.721136],[1.215492,0.562807,0.486523]]},{"name":"bone48","parent":"bone47","initpos":[1.091003,9.5367431640625e-7,0.000003],"initquaternion":[0.0,-0.0,0.172809,0.984955],"initscale":[1.0,1.0,1.0],"offmtx":[[1.9796712535935513e-7,-0.937904,0.346894,14.311986],[8.739988288652967e-7,0.346894,0.937903,1.857911],[-0.999999,1.175114121565457e-7,8.884011890586407e-7,14.770525]],"boundingbox":[[0.009707,-0.627098,-0.721109],[1.223564,0.586757,0.486495]]},{"name":"bone49","parent":"bone48","initpos":[1.171238,-0.000001,-0.000002],"initquaternion":[-1.9208212620469568e-7,2.0702873371192255e-7,0.181276,0.983432],"initscale":[0.999999,0.999999,1.0],"offmtx":[[6.420494287340262e-7,-0.752579,0.658501,12.939543],[6.700090580125107e-7,0.658501,0.752579,-2.949466],[-1.0,-0.0,9.270254963666957e-7,14.770532]],"boundingbox":[[-0.063109,-0.721374,-0.721106],[2.3204,0.60932,0.486498]]},{"name":"bone50","parent":"bone46","initpos":[4.711279,-0.595019,1.83522],"initquaternion":[-0.000004,-5.439543997454166e-7,0.120029,0.99277],"initscale":[1.0,1.0,1.0],"offmtx":[[3.468331897238386e-7,-0.999976,0.006895,13.915713],[0.000055,0.006895,0.999975,6.618307],[-1.0,0.0,0.000055,13.020896]],"boundingbox":[[-0.000413,-0.653156,-0.731741],[1.215488,0.562814,0.475929]]},{"name":"bone51","parent":"bone50","initpos":[1.091006,0.000002,9.5367431640625e-7],"initquaternion":[0.000004,-8.008937584236264e-7,0.172809,0.984955],"initscale":[1.0,1.0,1.0],"offmtx":[[2.0543744483347837e-7,-0.937904,0.346894,14.311983],[7.919841777948022e-7,0.346894,0.937903,1.857913],[-1.0,0.0,8.14070745036588e-7,13.020529]],"boundingbox":[[0.009701,-0.627096,-0.731706],[1.223558,0.586759,0.475897]]},{"name":"bone52","parent":"bone51","initpos":[1.171238,-9.5367431640625e-7,-9.5367431640625e-7],"initquaternion":[0.0,0.0,0.182195,0.983262],"initscale":[0.999999,0.999999,1.0],"offmtx":[[1.4257211944368465e-7,-0.751346,0.659908,12.934003],[2.8666968887591795e-7,0.659907,0.751345,-2.973658],[-1.0,0.0,3.094727389907348e-7,13.020526]],"boundingbox":[[-0.06422,-0.723497,-0.731705],[2.319265,0.609197,0.475897]]},{"name":"bone53","parent":"bone46","initpos":[0.395334,0.181818,2.475776],"initquaternion":[0.029298,-0.160351,0.113633,0.980059],"initscale":[0.999999,0.999999,1.0],"offmtx":[[-0.320965,-0.94707,-0.00619,20.884414],[-0.020988,0.000577,0.999778,5.207862],[-0.946857,0.321024,-0.020063,5.879959]],"boundingbox":[[-0.047482,-0.601332,-0.702327],[1.194212,0.638072,0.555747]]},{"name":"bone54","parent":"bone53","initpos":[1.115528,-0.118879,0.171315],"initquaternion":[-0.010107,0.034149,0.003189,0.99936],"initscale":[0.999999,0.999999,0.999999],"offmtx":[[-0.255639,-0.966771,0.000877,19.362636],[0.000206,0.000853,0.999999,5.071784],[-0.966772,0.255639,-0.000018,7.151009]],"boundingbox":[[-0.071038,-0.621325,-0.754236],[1.234657,0.587399,0.550422]]},{"name":"bone55","parent":"bone54","initpos":[1.088653,4.76837158203125e-7,9.5367431640625e-7],"initquaternion":[0.000335,0.123282,-0.00293,0.992367],"initscale":[0.999999,0.999999,0.999999],"offmtx":[[-0.011312,-0.999924,-0.004878,15.939374],[-0.0013,-0.004863,0.999986,5.179709],[-0.999935,0.011318,-0.001245,11.397593]],"boundingbox":[[-0.012941,-0.636158,-0.667698],[2.395781,0.588471,0.614268]]},{"name":"bone56","parent":"bone46","initpos":[4.711278,-0.595019,-1.964782],"initquaternion":[0.000008,9.859671763479128e-7,0.120029,0.99277],"initscale":[1.0,1.0,1.0],"offmtx":[[2.8764134185621517e-7,-0.999976,0.006895,13.915714],[0.000029,0.006895,0.999975,6.618532],[-1.0,-0.0,0.000029,16.820728]],"boundingbox":[[-0.000412,-0.653147,-0.666137],[1.215489,0.562791,0.5415]]},{"name":"bone57","parent":"bone56","initpos":[1.091011,0.0,0.000005],"initquaternion":[-0.000008,0.000001,0.172809,0.984955],"initscale":[1.0,1.0,1.0],"offmtx":[[0.0,-0.937904,0.346894,14.311984],[8.564157383261772e-7,0.346894,0.937903,1.857914],[-1.0,2.2620525896854816e-7,8.294522331198095e-7,16.820526]],"boundingbox":[[0.009698,-0.627095,-0.666126],[1.223555,0.58676,0.541479]]},{"name":"bone58","parent":"bone57","initpos":[1.171238,-4.76837158203125e-7,-0.000001],"initquaternion":[2.3441616292529944e-7,0.0,0.182463,0.983212],"initscale":[0.999999,0.999999,1.0],"offmtx":[[0.0,-0.750987,0.660317,12.932384],[-0.0,0.660316,0.750986,-2.980689],[-1.0,-0.0,-0.0,16.820526]],"boundingbox":[[-0.064545,-0.724113,-0.666124],[2.318932,0.609161,0.541481]]},{"name":"bind","parent":"bone02","initpos":[18.340744,5.212232,-0.082729],"initquaternion":[-0.697652,-0.115174,0.115158,0.697677],"initscale":[1.0,1.0,1.0],"offmtx":[[0.000028,0.321004,-0.947078,-21.222091],[-1.0,0.000038,-0.000016,-0.084204],[0.00003,0.947078,0.321004,-28.340929]],"boundingbox":[[-2.270977,-7.805958,2.317523],[-2.270977,-7.805958,2.317523]]},{"name":"bone63","parent":"bone02","initpos":[10.720491,9.819433,11.313826],"initquaternion":[-0.019634,0.978206,-0.176355,0.107823],"initscale":[0.999999,1.0,1.0],"offmtx":[[-0.204021,-0.076045,0.976008,8.519907],[-0.349258,0.937026,0.0,-31.902681],[-0.914545,-0.340879,-0.217733,22.653713]],"boundingbox":[[-0.032158,-1.083977,-2.547898],[8.904681,0.911187,2.504955]]},{"name":"bone64","parent":"bone63","initpos":[-0.112116,-0.648885,-6.91937],"initquaternion":[-0.084079,0.022221,0.016797,0.996069],"initscale":[0.999999,0.999999,0.999999],"offmtx":[[-0.171018,-0.03202,0.984747,6.296896],[-0.184032,0.98292,1.3224773454112438e-7,-36.04673],[-0.967927,-0.181225,-0.17399,24.225231]],"boundingbox":[[-0.018857,-1.166545,-3.221351],[13.748401,0.866844,2.704999]]},{"name":"bone65","parent":"bone64","initpos":[-0.661321,-0.278747,-7.670614],"initquaternion":[0.010609,0.086953,0.041755,0.99528],"initscale":[0.999999,0.999999,0.999999],"offmtx":[[-0.016793,0.083293,0.996383,-1.702694],[-0.19692,0.97673,-0.08497,-35.295482],[-0.980274,-0.197635,-7.059412610033178e-7,33.112506]],"boundingbox":[[-0.03872,-1.108339,-3.622468],[18.673431,1.031409,3.336765]]},{"name":"bone66","parent":"bone65","initpos":[-1.056537,-0.3176,-7.629001],"initquaternion":[-0.032759,0.149675,0.069022,0.985778],"initscale":[0.999999,0.999999,0.999999],"offmtx":[[0.252959,0.261319,0.931516,-17.234716],[-0.149113,0.961856,-0.229337,-36.264816],[-0.955915,-0.080888,0.282277,35.659049]],"boundingbox":[[0.081098,-1.160032,-3.693164],[24.808807,0.81471,3.502092]]},{"name":"bone67","parent":"bone66","initpos":[2.442955,-0.380359,-3.239528],"initquaternion":[0.620512,0.267428,-0.190341,0.712191],"initscale":[1.0,1.0,0.999999],"offmtx":[[0.779319,0.313372,0.542637,-41.623558],[-0.618509,0.245781,0.746347,12.903858],[0.100514,-0.917271,0.385367,35.902244]],"boundingbox":[[0.32376,-2.397014,-0.149907],[5.826288,0.256149,1.059941]]},{"name":"bone24","parent":"bone02","initpos":[10.662744,9.787107,-11.226641],"initquaternion":[0.107823,-0.176356,0.978206,-0.019634],"initscale":[0.999999,0.999999,0.999999],"offmtx":[[0.204022,-0.076045,0.976008,8.443317],[-0.349259,-0.937025,-2.9802296808156827e-7,31.902835],[0.914544,-0.340879,-0.217733,22.575572]],"boundingbox":[[-0.081483,-0.95771,-2.50374],[8.855346,1.037441,2.549111]]},{"name":"bone25","parent":"bone24","initpos":[0.088979,0.616315,-6.866601],"initquaternion":[0.084079,0.022221,-0.016797,0.996069],"initscale":[0.999999,0.999999,0.999999],"offmtx":[[0.171019,-0.03202,0.984747,6.024837],[-0.184033,-0.982919,-2.2165465907164617e-7,36.046794],[0.967927,-0.181226,-0.173991,24.079299]],"boundingbox":[[-0.11658,-0.939898,-3.277345],[13.656959,1.095297,2.649013]]},{"name":"bone26","parent":"bone25","initpos":[-0.634022,0.209655,-7.534984],"initquaternion":[-0.011275,0.08687,-0.049382,0.994931],"initscale":[0.999999,0.999999,0.999999],"offmtx":[[0.019811,0.098255,0.994964,-2.495467],[-0.196639,-0.975338,0.100232,35.313999],[0.980275,-0.197635,-0.000001,32.78413]],"boundingbox":[[0.080911,-1.117168,-3.818824],[17.765943,1.043817,3.120943]]},{"name":"bone27","parent":"bone26","initpos":[-0.370132,0.14616,-7.749191],"initquaternion":[0.027653,0.151092,-0.074031,0.985355],"initscale":[0.999999,1.0,0.999999],"offmtx":[[-0.250165,0.286495,0.924844,-19.077064],[-0.159636,-0.954349,0.252454,35.702869],[0.954951,-0.084483,0.28448,35.293262]],"boundingbox":[[-0.160054,-0.976112,-2.982713],[24.594959,1.053415,4.216102]]},{"name":"bone28","parent":"bone27","initpos":[1.581151,0.506706,-3.725181],"initquaternion":[-0.62261,0.258431,0.199788,0.711093],"initscale":[0.999999,1.0,0.999999],"offmtx":[[-0.77932,0.313373,0.542638,-41.623233],[-0.618511,-0.245782,-0.746347,-12.90354],[-0.100514,-0.917271,0.385367,35.90229]],"boundingbox":[[-0.014297,-1.333877,-0.349498],[5.565128,0.97978,0.310019]]}],"boundingbox":[[-41.690299,-28.396438,-35.665691],[41.953994,49.904609,21.30047]]}