{"skeleton":[{"name":"root","parent":"root","initpos":[0.0,0.0,-0.0],"initquaternion":[0.707106,0.0,0.0,0.707106],"initscale":[1.0,0.999999,0.999999],"offmtx":[[1.0,0.0,0.0,0.0],[0.0,1.0,0.0,0.0],[0.0,0.0,1.0,0.0]],"boundingbox":[[0.0,0.0,0.0],[0.0,0.0,0.0]]},{"name":"bone_00","parent":"root","initpos":[3.504125629660848e-7,8.016504,-12.203118],"initquaternion":[-0.5,0.5,-0.5,0.499999],"initscale":[1.0,1.0,1.0],"offmtx":[[1.6292068494294654e-7,0.0,-0.999999,8.016504],[-1.6292068494294654e-7,0.999999,-0.0,-12.203118],[1.0,1.6292067073209183e-7,1.6292067073209183e-7,-0.000003]],"boundingbox":[[-20.606254,-6.775903,-12.062957],[37.933879,14.131989,12.062953]]},{"name":"bind","parent":"bone_00","initpos":[12.490629,5.398095,0.000003],"initquaternion":[-0.5,-0.5,0.499999,0.5],"initscale":[1.0,1.0,1.0],"offmtx":[[2.3040463759116393e-7,0.999999,0.0,-17.601213],[-1.0,2.304046233803092e-7,1.5099573147381307e-7,-0.000002],[1.5099574568466779e-7,-0.0,0.999999,4.474124]],"boundingbox":[[-0.197384,3.519892,2.462399],[-0.197384,3.519892,2.462399]]},{"name":"bone_03","parent":"bone_00","initpos":[30.065788,-4.200958,7.605006],"initquaternion":[0.0,-1.4611093490657368e-7,0.707106,0.707106],"initscale":[1.0,1.0,1.0],"offmtx":[[2.3040463759116393e-7,0.999999,0.0,-8.002162],[0.0,-0.0,0.999999,22.049285],[1.0,-2.304046233803092e-7,-0.0,-7.605001]],"boundingbox":[[-7.992524,-7.979,-4.563634],[8.007475,8.021002,4.548672]]},{"name":"bone_02","parent":"bone_00","initpos":[30.065792,-4.200954,-7.605211],"initquaternion":[0.0,-1.4611093490657368e-7,0.707106,0.707106],"initscale":[1.0,1.0,1.0],"offmtx":[[2.3040463759116393e-7,0.999999,0.0,-8.002161],[0.0,-0.0,0.999999,22.049285],[1.0,-2.304046233803092e-7,-0.0,7.605216]],"boundingbox":[[-7.992526,-7.979,-4.579485],[8.007473,8.021001,4.532821]]},{"name":"bone_04","parent":"bone_00","initpos":[2.456504,4.124833,-6.134014],"initquaternion":[0.183012,0.704416,-0.683012,-0.061629],"initscale":[1.0,1.0,1.0],"offmtx":[[-0.163173,0.342021,0.925416,-11.730729],[-0.984808,8.791684535935929e-7,-0.173645,-5.075374],[-0.059391,-0.939692,0.336825,13.106193]],"boundingbox":[[-0.101825,-1.051097,-0.931684],[0.098188,1.048902,1.168316]]},{"name":"bone_05","parent":"bone_04","initpos":[0.675804,9.5367431640625e-7,-0.000002],"initquaternion":[0.0,0.0,0.0,1.0],"initscale":[1.0,1.0,1.0],"offmtx":[[-0.163172,0.342021,0.925416,-12.406537],[-0.984808,9.35048035444197e-7,-0.173645,-5.075378],[-0.059391,-0.939692,0.336825,13.106193]],"boundingbox":[[-0.094532,-1.051096,-0.933116],[0.105482,1.048902,1.16688]]},{"name":"bone_06","parent":"bone_05","initpos":[0.630062,0.0,0.000003],"initquaternion":[0.0,0.0,0.0,1.0],"initscale":[1.0,1.0,1.0],"offmtx":[[-0.163172,0.342021,0.925416,-13.036594],[-0.984808,9.983774589272799e-7,-0.173645,-5.075379],[-0.059391,-0.939692,0.336825,13.106189]],"boundingbox":[[-0.111426,-1.051095,-0.932405],[0.088586,1.048905,1.167592]]},{"name":"bone_07","parent":"bone_06","initpos":[0.78201,0.000001,-0.000003],"initquaternion":[0.0,0.0,0.0,1.0],"initscale":[1.0,1.0,1.0],"offmtx":[[-0.163173,0.342021,0.925416,-13.818608],[-0.984808,8.977951324595779e-7,-0.173645,-5.075376],[-0.059391,-0.939692,0.336825,13.106197]],"boundingbox":[[-0.340733,-1.364286,-1.311947],[0.359278,1.435717,1.488051]]},{"name":"bone_08","parent":"bone_07","initpos":[1.010818,0.000001,0.000003],"initquaternion":[0.0,0.0,0.0,1.0],"initscale":[1.0,1.0,1.0],"offmtx":[[-0.163175,0.34202,0.925416,-14.82943],[-0.984807,0.0,-0.173647,-5.075342],[-0.059391,-0.939692,0.336824,13.106199]],"boundingbox":[[-0.000001,-2.51669,-2.428361],[11.199998,2.383315,2.471642]]},{"name":"bone_09","parent":"bone_08","initpos":[9.819789,-0.000007,-9.5367431640625e-7],"initquaternion":[0.0,0.0,0.0,1.0],"initscale":[1.0,1.0,1.0],"offmtx":[[-0.163173,0.34202,0.925416,-24.649206],[-0.984807,1.5646206463770796e-7,-0.173645,-5.07537],[-0.05939,-0.939692,0.336824,13.1062]],"boundingbox":[[-0.019802,-3.216678,-3.128365],[11.880204,3.083351,3.171644]]},{"name":"bone_10","parent":"bone_00","initpos":[2.456501,4.124825,6.134002],"initquaternion":[-0.061629,-0.683012,0.704416,0.183012],"initscale":[1.0,1.0,1.0],"offmtx":[[0.163173,0.342021,0.925416,-11.730733],[-0.984808,-7.972118964971742e-7,0.173645,5.075355],[0.059391,-0.939691,0.336825,13.106182]],"boundingbox":[[-0.066146,-1.264237,-0.918698],[0.13387,0.835763,1.181302]]},{"name":"bone_11","parent":"bone_10","initpos":[0.675806,-9.5367431640625e-7,-0.0],"initquaternion":[0.0,0.0,0.0,1.0],"initscale":[1.0,1.0,1.0],"offmtx":[[0.163172,0.342022,0.925416,-12.406541],[-0.984808,-5.81145116029802e-7,0.173644,5.075358],[0.05939,-0.939691,0.336826,13.106183]],"boundingbox":[[-0.058852,-1.264237,-0.920132],[0.141161,0.835762,1.179866]]},{"name":"bone_12","parent":"bone_11","initpos":[0.630062,0.000001,0.000002],"initquaternion":[0.0,0.0,0.0,1.0],"initscale":[1.0,1.0,1.0],"offmtx":[[0.163172,0.342021,0.925416,-13.036595],[-0.984808,-5.81145116029802e-7,0.173644,5.075358],[0.05939,-0.939691,0.336825,13.106184]],"boundingbox":[[-0.075747,-1.264242,-0.919419],[0.124268,0.835761,1.180578]]},{"name":"bone_13","parent":"bone_12","initpos":[0.782012,-4.76837158203125e-7,-0.000004],"initquaternion":[0.0,0.0,0.0,1.0],"initscale":[1.0,1.0,1.0],"offmtx":[[0.163172,0.342022,0.925416,-13.818614],[-0.984808,-5.885955829398881e-7,0.173644,5.075357],[0.05939,-0.939691,0.336826,13.106183]],"boundingbox":[[-0.305056,-1.651051,-1.298961],[0.394959,1.148951,1.501039]]},{"name":"bone_14","parent":"bone_13","initpos":[1.010818,-0.000001,0.000003],"initquaternion":[0.0,0.0,0.0,1.0],"initscale":[1.0,1.0,1.0],"offmtx":[[0.163175,0.34202,0.925416,-14.829423],[-0.984807,2.2351738948600542e-7,0.173647,5.075325],[0.05939,-0.939692,0.336824,13.106203]],"boundingbox":[[0.035677,-2.598653,-2.41538],[11.235685,2.301358,2.484622]]},{"name":"bone_15","parent":"bone_14","initpos":[9.819793,0.000006,0.000002],"initquaternion":[0.0,0.0,0.0,1.0],"initscale":[1.0,1.0,1.0],"offmtx":[[0.163173,0.34202,0.925416,-24.649204],[-0.984808,0.0,0.173645,5.075354],[0.05939,-0.939692,0.336824,13.106204]],"boundingbox":[[0.015882,-3.298693,-3.115383],[11.915899,3.001342,3.184627]]},{"name":"bone_16","parent":"bone_00","initpos":[-10.579397,-1.896713,-0.000001],"initquaternion":[0.0,-1.4611093490657368e-7,0.707106,0.707106],"initscale":[1.0,1.0,1.0],"offmtx":[[2.3040463759116393e-7,0.999999,0.0,-10.306405],[0.0,-0.0,0.999999,-18.595901],[1.0,-2.304046233803092e-7,-0.0,0.000003]],"boundingbox":[[-10.281988,-9.922896,-3.50067],[9.718012,10.077104,3.499334]]}],"boundingbox":[[-13.405395,0.009634,-30.028284],[13.624035,27.749307,30.135978]]}