{"boundingbox": [[-14.760427474975586, -0.010218259878456593, -12.96373176574707], [14.760418891906738, 37.423851013183594, 20.581771850585938]], "skeleton": [{"initquaternion": [0.7071067690849304, 0.0, 0.0, 0.7071067690849304], "name": "root", "parent": "root", "offmtx": [[1.0, 0.0, 0.0, 0.0], [0.0, 1.0, 0.0, 0.0], [0.0, 0.0, 1.0, 0.0]], "initscale": [1.0, 1.0, 1.0], "boundingbox": [[0.0, 0.0, 0.0], [0.0, 0.0, 0.0]], "initpos": [0.0, 0.0, -0.0]}, {"initquaternion": [-0.49956709146499634, 0.5004326105117798, 0.5003968477249146, 0.4996027946472168], "name": "bone_01", "parent": "root", "offmtx": [[-0.00165955547709018, 0.9999986290931702, -1.1920913323137938e-07, -8.629859924316406], [-0.9999986290931702, -0.00165955547709018, 7.16012655175291e-05, 0.021346721798181534], [7.160096720326692e-05, 2.380352270847652e-07, 1.0, -0.045569270849227905]], "initscale": [1.0, 1.0, 1.0], "boundingbox": [[-0.21268844604492188, -12.01174545288086, -5.464141368865967], [22.80387306213379, 11.993587493896484, 20.5364990234375]], "initpos": [0.007028224878013134, 0.045567743480205536, -8.6298828125]}, {"initquaternion": [-0.7003974914550781, 0.301548033952713, 0.09566948562860489, 0.6398121118545532], "name": "bone_02", "parent": "bone_01", "offmtx": [[0.2986208498477936, 0.8003287315368652, -0.5199030041694641, -7.869625091552734], [0.00026270735543221235, -0.5448284149169922, -0.83854740858078, 4.834311485290527], [-0.954371452331543, 0.25027117133140564, -0.16290737688541412, 4.067005634307861]], "initscale": [1.0000001192092896, 0.9999999403953552, 1.0000001192092896], "boundingbox": [[0.0, -1.9419097900390625, -2.167266368865967], [9.488582611083984, 2.074260711669922, 2.131338357925415]], "initpos": [-0.7259054183959961, -6.221935749053955, 0.5797810554504395]}, {"initquaternion": [-0.06955423951148987, -0.11022823303937912, 0.4861927330493927, 0.8640767335891724], "name": "bone_03", "parent": "bone_02", "offmtx": [[0.03315884247422218, -0.03286825865507126, -0.998909592628479, -4.172897815704346], [-0.02918151579797268, -0.9990647435188293, 0.0319046825170517, 16.02454948425293], [-0.9990237951278687, 0.02809176966547966, -0.03408697247505188, 8.512639999389648]], "initscale": [1.0000001192092896, 0.9999998807907104, 1.0], "boundingbox": [[-2.1854171752929688, -0.9720745086669922, -1.2621889114379883], [4.030223369598389, 2.3063859939575195, 1.9897828102111816]], "initpos": [9.644746780395508, 2.384185791015625e-06, 2.86102294921875e-06]}, {"initquaternion": [-0.10864242911338806, 0.11319714039564133, 0.5800226330757141, 0.7993478178977966], "name": "bone_04", "parent": "bone_03", "offmtx": [[0.29035475850105286, -0.9203745126724243, -0.2619268596172333, 9.441386222839355], [0.0019097109325230122, -0.2731609642505646, 0.9619665145874023, 12.112722396850586], [-0.9569171667098999, -0.2798116207122803, -0.07755590230226517, 12.541847229003906]], "initscale": [0.9999996423721313, 1.0, 0.9999998807907104], "boundingbox": [[-0.6602659225463867, -1.9549198150634766, -2.0190658569335938], [12.678144454956055, 2.936077117919922, 2.3453989028930664]], "initpos": [3.821119785308838, -1.9073486328125e-06, -3.814697265625e-06]}, {"initquaternion": [-0.020008239895105362, -0.1535642445087433, 0.12764018774032593, 0.979655921459198], "name": "bone_05", "parent": "bone_04", "offmtx": [[-0.015341097488999367, -0.9997290968894958, -0.01749076135456562, 4.120381832122803], [0.0060500879772007465, -0.017585312947630882, 0.9998270273208618, 11.438695907592773], [-0.9998639225959778, 0.015232625417411327, 0.0063182283192873, 12.835749626159668]], "initscale": [1.0000003576278687, 1.0, 1.0], "boundingbox": [[0.0, -0.5069761276245117, -0.4662027359008789], [4.167588233947754, 1.5575265884399414, 1.5918807983398438]], "initpos": [12.367557525634766, 3.0517578125e-05, -5.7220458984375e-06]}, {"initquaternion": [0.7007925510406494, 0.30043694376945496, -0.09665191918611526, 0.639754593372345], "name": "bone_14", "parent": "bone_01", "offmtx": [[-0.29878661036491394, 0.8002972602844238, -0.5198564529418945, -7.830806255340576], [5.932152271270752e-05, 0.5447558164596558, 0.8385947346687317, -4.835774898529053], [0.954319953918457, 0.25053003430366516, -0.1628132313489914, 3.9396347999572754]], "initscale": [0.9999999403953552, 0.9999999403953552, 0.9999998211860657], "boundingbox": [[0.0, -2.074608325958252, -2.290153980255127], [9.527856826782227, 1.940549373626709, 2.0060274600982666]], "initpos": [-0.7054557800292969, 6.10737419128418, 0.579780101776123]}, {"initquaternion": [0.06953546404838562, -0.11006686091423035, -0.4861525297164917, 0.8641214370727539], "name": "bone_15", "parent": "bone_14", "offmtx": [[-0.033353324979543686, -0.03270339220762253, -0.9989085793495178, -4.171603202819824], [-0.029618535190820694, 0.9990578293800354, -0.03171932324767113, -16.023418426513672], [0.9990047216415405, 0.028528261929750443, -0.03429052606225014, 8.375455856323242]], "initscale": [0.9999999403953552, 1.0, 1.0], "boundingbox": [[-2.1794400215148926, -2.302703857421875, -1.3916358947753906], [4.035199165344238, 0.9761447906494141, 1.8604087829589844]], "initpos": [9.64474868774414, -9.5367431640625e-07, 9.5367431640625e-07]}, {"initquaternion": [0.10864274203777313, 0.11319710314273834, -0.5800226330757141, 0.7993478178977966], "name": "bone_16", "parent": "bone_15", "offmtx": [[-0.29001304507255554, -0.9204521775245667, -0.26203131675720215, 9.482863426208496], [0.001591965788975358, 0.2733340859413147, -0.9619179368019104, -12.116948127746582], [0.9570214152336121, -0.27938589453697205, -0.07780512422323227, 12.411152839660645]], "initscale": [0.9999999403953552, 1.0, 0.9999999403953552], "boundingbox": [[-0.6228342056274414, -2.9344472885131836, -2.1461191177368164], [12.716693878173828, 1.9543886184692383, 2.221487045288086]], "initpos": [3.8211183547973633, -1.9073486328125e-06, -0.0]}, {"initquaternion": [0.020386651158332825, -0.15351471304893494, -0.13005608320236206, 0.9793380498886108], "name": "bone_17", "parent": "bone_16", "offmtx": [[0.015739288181066513, -0.9997949004173279, -0.012741117738187313, 4.177384376525879], [0.005919249728322029, 0.012835653498768806, -0.9999009370803833, -11.42236614227295], [0.999858558177948, 0.0156622976064682, 0.006120054516941309, 12.698712348937988]], "initscale": [1.0000001192092896, 0.9999991655349731, 1.0000001192092896], "boundingbox": [[0.0, -1.538661003112793, -0.6007890701293945], [4.163296222686768, 0.5114736557006836, 1.4581737518310547]], "initpos": [12.367554664611816, -2.6702880859375e-05, -1.049041748046875e-05]}, {"initquaternion": [-0.6399139165878296, -0.09559080749750137, -0.3015988767147064, 0.7002933621406555], "name": "bone_06", "parent": "bone_01", "offmtx": [[0.29878515005111694, 0.8002980351448059, 0.5198561549186707, -10.58957576751709], [-6.107985245762393e-05, 0.5447556972503662, -0.8385947346687317, -0.435966819524765], [-0.9543204307556152, 0.25052791833877563, 0.16281379759311676, 3.1852996349334717]], "initscale": [0.9999999403953552, 1.000000238418579, 1.0], "boundingbox": [[0.0, -2.1564066410064697, -2.1744191646575928], [9.547280311584473, 1.8587490320205688, 2.12178373336792]], "initpos": [-0.7258610725402832, -6.195225715637207, 4.575723171234131]}, {"initquaternion": [0.06953579932451248, -0.11006710678339005, -0.48615244030952454, 0.8641214370727539], "name": "bone_07", "parent": "bone_06", "offmtx": [[0.03335365280508995, -0.032703254371881485, 0.9989081621170044, -9.415994644165039], [0.02961558662354946, 0.9990575313568115, 0.03171927481889725, -16.19292449951172], [-0.9990044236183167, 0.02852530963718891, 0.034290753304958344, 8.300116539001465]], "initscale": [1.0000001192092896, 1.000000238418579, 1.0000001192092896], "boundingbox": [[-2.085494041442871, -2.3027238845825195, -1.2837467193603516], [4.129142761230469, 0.9761123657226562, 1.9682831764221191]], "initpos": [9.644745826721191, -1.6689300537109375e-06, 5.0067901611328125e-06]}, {"initquaternion": [0.10864244401454926, 0.11319714784622192, -0.5800227522850037, 0.7993478178977966], "name": "bone_08", "parent": "bone_07", "offmtx": [[0.2900155782699585, -0.9204511642456055, 0.2620313763618469, 8.077713012695312], [-0.0015921216690912843, 0.2733343243598938, 0.9619177579879761, -17.163612365722656], [-0.9570205807685852, -0.27938830852508545, 0.07780574262142181, 12.103108406066895]], "initscale": [0.9999997019767761, 0.9999998211860657, 0.9999997615814209], "boundingbox": [[-0.6275997161865234, -2.840463638305664, -2.0383424758911133], [12.7119140625, 2.048368453979492, 2.329230308532715]], "initpos": [3.8211183547973633, -1.9073486328125e-06, -5.7220458984375e-06]}, {"initquaternion": [0.02278793789446354, -0.1531769335269928, -0.1453714668750763, 0.9771820306777954], "name": "bone_09", "parent": "bone_08", "offmtx": [[-0.015544363297522068, -0.9997066855430603, -0.018567487597465515, 4.631968021392822], [-0.00639341352507472, -0.018469979986548424, 0.999809205532074, -16.531150817871094], [-0.9998591542243958, 0.015660110861063004, -0.006104435306042433, 12.835227966308594]], "initscale": [0.9999999403953552, 0.9999998807907104, 0.9999996423721313], "boundingbox": [[0.0, -1.3665761947631836, -0.49671077728271484], [4.183433532714844, 0.70123291015625, 1.562215805053711]], "initpos": [12.367551803588867, -1.9073486328125e-05, -2.86102294921875e-06]}, {"initquaternion": [0.6397542357444763, -0.09665225446224213, 0.30043718218803406, 0.7007927298545837], "name": "bone_10", "parent": "bone_01", "offmtx": [[-0.29871222376823425, 0.8002969026565552, 0.519899308681488, -10.558415412902832], [6.015595863573253e-05, -0.5447562336921692, 0.8385944366455078, 0.4359745681285858], [0.9543429613113403, 0.25052976608276367, 0.16267722845077515, 3.0857691764831543]], "initscale": [1.0000001192092896, 0.9999999403953552, 1.0000001192092896], "boundingbox": [[0.0, -1.8596487045288086, -2.2752232551574707], [9.578394889831543, 2.155413866043091, 2.0211939811706543]], "initpos": [-0.7054557800292969, 6.10737419128418, 4.57572078704834]}, {"initquaternion": [-0.06953567266464233, -0.1100672110915184, 0.4861522912979126, 0.8641214966773987], "name": "bone_11", "parent": "bone_10", "offmtx": [[-0.03321067616343498, -0.03270335495471954, 0.9989131093025208, -9.412527084350586], [0.029613137245178223, -0.9990578889846802, -0.03172355145215988, 16.18984031677246], [0.9990094900131226, 0.028527390211820602, 0.03414783626794815, 8.195929527282715]], "initscale": [1.0, 0.9999997615814209, 0.9999998807907104], "boundingbox": [[-2.0834450721740723, -0.9792346954345703, -1.3899116516113281], [4.131589889526367, 2.299618721008301, 1.8629732131958008]], "initpos": [9.644744873046875, -4.76837158203125e-07, 4.0531158447265625e-06]}, {"initquaternion": [-0.10864242911338806, 0.11319707334041595, 0.5800228118896484, 0.7993477582931519], "name": "bone_12", "parent": "bone_11", "offmtx": [[-0.2899763286113739, -0.9204522371292114, 0.2620726227760315, 8.107969284057617], [-0.001728811184875667, -0.27333399653434753, -0.961917519569397, 17.16378402709961], [0.9570325016975403, -0.27938634157180786, 0.07766909897327423, 12.003293991088867]], "initscale": [0.9999997615814209, 1.0, 0.9999998807907104], "boundingbox": [[-0.5971918106079102, -2.046764373779297, -2.140756607055664], [12.7423677444458, 2.842123031616211, 2.2278499603271484]], "initpos": [3.8211183547973633, 0.0, -4.76837158203125e-06]}, {"initquaternion": [-0.02286786586046219, -0.1531648486852646, 0.1458805501461029, 0.9771061539649963], "name": "bone_13", "parent": "bone_12", "offmtx": [[0.015536646358668804, -0.9996870160102844, -0.019612181931734085, 4.647576808929443], [-0.006559167988598347, 0.019512223079800606, -0.9997878670692444, 16.526891708374023], [0.9998577237129211, 0.015661992132663727, -0.006253961939364672, 12.731054306030273]], "initscale": [1.0000003576278687, 1.0000001192092896, 1.0000001192092896], "boundingbox": [[0.0, -0.7032527923583984, -0.6034812927246094], [4.1831374168396, 1.3679752349853516, 1.4557504653930664]], "initpos": [12.367558479309082, 2.288818359375e-05, -7.62939453125e-06]}, {"initquaternion": [-1.4304108617579914e-06, -6.630819449071623e-09, 0.004635554738342762, 0.9999892711639404], "name": "bone_20", "parent": "bone_01", "offmtx": [[-0.010930482298135757, 0.9999402761459351, 5.44612134945055e-07, -17.296234130859375], [-0.9999402761459351, -0.010930482298135757, 6.873845268273726e-05, 9.515410423278809], [6.874030077597126e-05, 2.067646960313141e-07, 1.0, -14.658845901489258]], "initscale": [1.0, 1.0, 1.0], "boundingbox": [[0.0, -2.5827407836914062, -2.781216621398926], [20.046703338623047, 2.99531888961792, 2.628692626953125]], "initpos": [8.753847122192383, -9.333258628845215, 14.613303184509277]}, {"initquaternion": [0.0, 0.0, 0.0, 1.0], "name": "Bone_fujia01", "parent": "bone_20", "offmtx": [[-0.01093095913529396, 0.9999402761459351, 5.446449904411566e-07, -36.85528564453125], [-0.9999402761459351, -0.01093095913529396, 7.398366869892925e-05, 9.515340805053711], [7.398519665002823e-05, 2.640999241521058e-07, 1.0, -14.658900260925293]], "initscale": [1.0, 1.0, 1.0], "boundingbox": [[0.0, -1.693171501159668, -1.879298210144043], [0.4482688903808594, 0.0, 0.0]], "initpos": [19.55905532836914, 9.5367431640625e-06, 3.814697265625e-06]}, {"initquaternion": [1.9073152088822098e-06, 1.1134419608538337e-08, 0.005837645847350359, 0.9999829530715942], "name": "bone_21", "parent": "bone_01", "offmtx": [[-0.013334517367184162, 0.9999110102653503, 7.16750207629957e-07, -17.339582443237305], [-0.9999110102653503, -0.013334517367184162, 7.541246304754168e-05, 8.594501495361328], [7.541532249888405e-05, 2.8890238468193274e-07, 1.0, -8.767440795898438]], "initscale": [1.0, 1.0, 1.0], "boundingbox": [[0.0, -1.7963380813598633, -2.1850123405456543], [12.976003646850586, 2.323655605316162, 1.8152999877929688]], "initpos": [8.808881759643555, -8.370162010192871, 8.72183895111084]}, {"initquaternion": [0.0, 0.0, 0.0, 1.0], "name": "Bone_fujia04", "parent": "bone_21", "offmtx": [[-0.013334994204342365, 0.9999110102653503, 7.16786132670677e-07, -29.36394500732422], [-0.9999110102653503, -0.013334994204342365, 7.58893002057448e-05, 8.59450626373291], [7.589211600134149e-05, 2.9526088951570273e-07, 1.0, -8.76744556427002]], "initscale": [1.0, 1.0, 1.0], "boundingbox": [[0.0, 0.0, -1.1849384307861328], [0.9516334533691406, 1.190140724182129, 0.0]], "initpos": [12.024368286132812, 4.76837158203125e-06, 9.5367431640625e-07]}, {"initquaternion": [-2.294557134518982e-06, 1.72005929499619e-08, -0.007496048230677843, 0.9999719262123108], "name": "bone_19", "parent": "bone_01", "offmtx": [[0.013332285918295383, 0.9999111294746399, -1.192618697132275e-06, -17.34393310546875], [-0.9999111294746399, 0.013332285918295383, 6.700219819322228e-05, -8.268438339233398], [6.701214442728087e-05, 2.992202894347429e-07, 1.0, -8.76744556427002]], "initscale": [1.0, 1.0, 1.0], "boundingbox": [[0.0, -1.9963808059692383, -2.186152458190918], [12.971654891967773, 2.123549461364746, 1.814126968383789]], "initpos": [8.836078643798828, 8.028881072998047, 8.721837997436523]}, {"initquaternion": [0.0, 0.0, 0.0, 1.0], "name": "Bone_fujia03", "parent": "bone_19", "offmtx": [[0.013332285918295383, 0.9999111294746399, -1.192618697132275e-06, -29.3682918548584], [-0.9999111294746399, 0.013332285918295383, 6.277161446632817e-05, -8.268400192260742], [6.278193177422509e-05, 3.556236265467305e-07, 1.0, -8.767478942871094]], "initscale": [1.0, 1.0, 1.0], "boundingbox": [[0.0, 0.0, -1.186079502105713], [0.9206333160400391, 1.1367692947387695, 0.0]], "initpos": [12.024362564086914, -9.5367431640625e-07, -9.5367431640625e-07]}, {"initquaternion": [1.1920673159693251e-06, -7.50288098316787e-09, -0.006293882615864277, 0.9999802112579346], "name": "bone_18", "parent": "bone_01", "offmtx": [[0.010928074829280376, 0.9999402761459351, -1.020481818159169e-06, -17.295578002929688], [-0.9999402761459351, 0.010928074829280376, 7.397828449029475e-05, -9.576030731201172], [7.398501475108787e-05, 2.119807049894007e-07, 1.0, -14.65885066986084]], "initscale": [1.0, 1.0, 1.0], "boundingbox": [[0.0, -3.0533361434936523, -2.7825183868408203], [20.047348022460938, 2.5235862731933594, 2.6273794174194336]], "initpos": [8.78488540649414, 9.378876686096191, 14.613303184509277]}, {"initquaternion": [0.0, 0.0, 0.0, 1.0], "name": "Bone_fujia02", "parent": "bone_18", "offmtx": [[0.010927598923444748, 0.9999403953552246, -1.020446688926313e-06, -36.85464859008789], [-0.9999403953552246, 0.010927598923444748, 7.064188685035333e-05, -9.575972557067871], [7.064882083795965e-05, 2.4843959067766264e-07, 1.0, -14.65888500213623]], "initscale": [1.0, 1.0, 1.0], "boundingbox": [[0.0, -1.9671664237976074, -1.880624771118164], [0.4882850646972656, 0.0, 0.0]], "initpos": [19.559062957763672, 6.67572021484375e-06, -9.5367431640625e-07]}, {"initquaternion": [0.008696689270436764, -0.02092673070728779, -0.0010117412311956286, 0.9997426867485046], "name": "Bind", "parent": "bone_01", "offmtx": [[0.0007318410207517445, 0.99912428855896, 0.041824791580438614, -24.797834396362305], [-0.9998472929000854, -3.2305254649145354e-07, 0.01750282756984234, -0.2552158236503601], [0.01748751290142536, -0.041831210255622864, 0.998971700668335, -13.597835540771484]], "initscale": [1.0000004768371582, 0.999999463558197, 0.9999999403953552], "boundingbox": [[0.0, 0.0, 0.0], [2.4189395904541016, 4.086942195892334, 4.788501739501953]], "initpos": [15.57742691040039, -0.01854325458407402, 14.57991886138916]}]}