{"skeleton":[{"name":"root","parent":"root","initpos":[0.0,0.0,-0.0],"initquaternion":[0.707106,0.0,0.0,0.707106],"initscale":[1.0,0.999999,0.999999],"offmtx":[[1.0,0.0,0.0,0.0],[0.0,1.0,0.0,0.0],[0.0,0.0,1.0,0.0]],"boundingbox":[[0.0,0.0,0.0],[0.0,0.0,0.0]]},{"name":"Bone30","parent":"root","initpos":[-0.023661,2.659673,-20.31118],"initquaternion":[0.572336,0.572336,-0.415247,0.415248],"initscale":[0.999999,1.0,0.999999],"offmtx":[[6.966039904909849e-7,0.950646,0.310275,-20.133983],[1.0,-7.940046202747908e-7,1.8761998887839582e-7,0.023677],[4.2472026962059319e-7,0.310275,-0.950646,-3.773649]],"boundingbox":[[-0.036853,-1.970951,-1.426328],[5.462628,2.018268,1.228128]]},{"name":"Bone24","parent":"Bone30","initpos":[3.552303,-1.096966,0.160853],"initquaternion":[-0.565971,0.577202,0.388385,-0.442346],"initscale":[0.999999,1.0,1.0],"offmtx":[[-0.996962,0.052443,-0.057587,-2.154304],[0.057666,9.536740321891557e-7,-0.998335,3.667542],[-0.052356,-0.998623,-0.003025,23.657657]],"boundingbox":[[-0.1599,-1.12308,-2.817941],[5.878902,1.913927,2.766452]]},{"name":"Bone27","parent":"Bone24","initpos":[4.990315,2.384185791015625e-7,0.000005],"initquaternion":[-0.111239,0.098023,0.741976,0.653826],"initscale":[0.999999,0.999999,0.999999],"offmtx":[[0.189955,0.286544,-0.939046,-2.599974],[0.981786,-0.052027,0.182725,6.626461],[0.003503,-0.956652,-0.291208,23.948093]],"boundingbox":[[1.008403,-1.701831,-2.931645],[6.989759,1.875221,1.609226]]},{"name":"Bone22","parent":"Bone27","initpos":[5.854039,-0.000001,-0.0],"initquaternion":[0.206316,-0.502218,0.511183,0.666259],"initscale":[0.999999,0.999999,0.999999],"offmtx":[[0.463239,-0.874407,-0.144292,24.447124],[0.215514,-0.04678,0.975379,4.397343],[-0.859629,-0.482931,0.166777,8.478996]],"boundingbox":[[0.232158,-1.626274,-2.091339],[4.015935,1.169235,1.984249]]},{"name":"Bone21","parent":"Bone22","initpos":[3.440858,9.5367431640625e-7,-9.5367431640625e-7],"initquaternion":[0.0,-0.0,0.176408,0.984317],"initscale":[0.999999,0.999999,1.0],"offmtx":[[0.509252,-0.83623,0.203421,21.225961],[0.041225,0.259798,0.964782,-3.171473],[-0.859629,-0.482931,0.166776,8.478996]],"boundingbox":[[-1.121168,-1.477502,-2.19466],[2.95442,1.673631,2.568237]]},{"name":"Bone34","parent":"Bone30","initpos":[3.552305,1.149559,0.160854],"initquaternion":[0.565971,0.577202,-0.388386,-0.442345],"initscale":[0.999999,1.0,1.0],"offmtx":[[0.996962,0.052441,-0.057585,-2.159523],[0.057664,-0.000001,0.998335,-3.667837],[0.052354,-0.998623,-0.003025,23.657381]],"boundingbox":[[-0.165157,-1.914231,-2.818227],[5.873649,1.122769,2.766169]]},{"name":"Bone36","parent":"Bone34","initpos":[4.990318,9.5367431640625e-7,0.000003],"initquaternion":[0.111239,0.098023,-0.741976,0.653826],"initscale":[0.999999,0.999999,0.999999],"offmtx":[[-0.189953,0.286544,-0.939046,-2.598977],[0.981786,0.052025,-0.182723,-6.631599],[-0.003504,-0.956652,-0.291208,23.948114]],"boundingbox":[[1.009416,-1.880409,-2.931632],[6.416289,1.696632,1.522144]]},{"name":"Bone23","parent":"Bone36","initpos":[5.854036,0.0,-0.0],"initquaternion":[-0.206316,-0.502218,-0.511183,0.666259],"initscale":[0.999999,0.999999,0.999999],"offmtx":[[-0.463241,-0.874406,-0.144293,24.449539],[0.215516,0.04678,-0.975378,-4.398477],[0.859627,-0.482933,0.166778,8.474494]],"boundingbox":[[-1.378206,-1.799922,-2.095893],[3.790428,1.625144,1.81126]]},{"name":"Bone38","parent":"Bone23","initpos":[3.440853,4.76837158203125e-7,-9.5367431640625e-7],"initquaternion":[-0.0,-0.0,-0.176408,0.984317],"initscale":[0.999999,0.999999,1.0],"offmtx":[[-0.509254,-0.836229,0.20342,21.22863],[0.041226,-0.259798,-0.964781,3.171255],[0.859627,-0.482933,0.166778,8.474498]],"boundingbox":[[-1.687187,-1.673844,-2.199207],[2.957107,1.477288,2.56369]]},{"name":"Bone49","parent":"root","initpos":[4.438986,2.350641,-23.551563],"initquaternion":[0.501065,0.498925,0.501065,-0.498939],"initscale":[1.0,0.999999,0.999999],"offmtx":[[0.000013,-0.999999,-0.000013,23.551538],[0.999979,0.000014,-0.006416,-4.42414],[0.006416,-0.000013,0.999979,-2.37875]],"boundingbox":[[-0.008881,-1.434013,-0.042039],[3.491159,1.566726,0.095208]]},{"name":"Bone40","parent":"Bone49","initpos":[3.389177,9.5367431640625e-7,4.76837158203125e-7],"initquaternion":[0.0,0.0,0.0,1.0],"initscale":[1.0,1.0,1.0],"offmtx":[[0.000013,-0.999999,-0.000013,20.162357],[0.999979,0.000014,-0.006416,-4.42414],[0.006416,-0.000013,0.999979,-2.37875]],"boundingbox":[[0.101935,-1.43407,-0.074447],[4.101978,1.56668,0.143763]]},{"name":"Bone50","parent":"Bone40","initpos":[4.032772,-9.5367431640625e-7,-7.152557373046875e-7],"initquaternion":[0.0,0.0,0.0,1.0],"initscale":[1.0,1.0,1.0],"offmtx":[[0.000013,-0.999999,-0.000013,16.129587],[0.999979,0.000014,-0.006416,-4.42414],[0.006416,-0.000013,0.999979,-2.37875]],"boundingbox":[[0.069167,-1.461204,-0.088881],[3.612848,1.566623,0.143113]]},{"name":"Bone53","parent":"Bone50","initpos":[3.555777,9.5367431640625e-7,2.384185791015625e-7],"initquaternion":[0.0,0.0,0.0,1.0],"initscale":[1.0,1.0,1.0],"offmtx":[[0.000013,-0.999999,-0.000013,12.573809],[0.999979,0.000014,-0.006416,-4.42414],[0.006416,-0.000013,0.999979,-2.37875]],"boundingbox":[[0.013383,-1.464756,-0.113612],[3.513426,1.566574,0.167253]]},{"name":"Bone51","parent":"Bone53","initpos":[3.037281,0.0,4.76837158203125e-7],"initquaternion":[0.0,0.0,0.0,1.0],"initscale":[1.0,1.0,1.0],"offmtx":[[0.000013,-0.999999,-0.000013,9.536527],[0.999979,0.000014,-0.006416,-4.42414],[0.006416,-0.000013,0.999979,-2.37875]],"boundingbox":[[-0.023896,-1.435466,-0.22366],[1.476159,2.067684,0.298807]]},{"name":"Bone39","parent":"root","initpos":[-5.499428,2.357417,-23.561624],"initquaternion":[0.500958,0.499031,0.500958,-0.499047],"initscale":[1.0,0.999999,0.999999],"offmtx":[[0.000022,-0.999999,1.9613291613040929e-7,23.561746],[0.999998,0.000022,0.001524,5.495307],[-0.001524,1.622645982024551e-7,0.999998,-2.365797]],"boundingbox":[[0.00114,-2.510253,-0.043437],[3.501251,2.490005,0.082139]]},{"name":"Bone44","parent":"Bone39","initpos":[3.48921,-0.000015,4.76837158203125e-7],"initquaternion":[0.0,0.0,0.0,1.0],"initscale":[1.0,1.0,1.0],"offmtx":[[0.000022,-0.999999,1.9639948334315705e-7,20.072536],[0.999998,0.000022,0.001524,5.495315],[-0.001524,1.622645982024551e-7,0.999998,-2.365798]],"boundingbox":[[0.011928,-2.51033,-0.043458],[4.01204,2.489933,0.08212]]},{"name":"Bone47","parent":"Bone44","initpos":[3.920957,-0.000001,-2.384185791015625e-7],"initquaternion":[0.0,0.0,0.0,1.0],"initscale":[1.0,1.0,1.0],"offmtx":[[0.000022,-0.999999,1.9613291613040929e-7,16.15158],[0.999998,0.000022,0.001524,5.495323],[-0.001524,1.622645982024551e-7,0.999998,-2.365798]],"boundingbox":[[0.090975,-2.510398,-0.043445],[3.591085,2.489852,0.082132]]},{"name":"Bone45","parent":"Bone47","initpos":[3.561394,-0.000061,-0.0],"initquaternion":[0.0,0.0,0.0,1.0],"initscale":[1.0,1.0,1.0],"offmtx":[[0.000022,-0.999999,1.9639948334315705e-7,12.590182],[0.999998,0.000022,0.001524,5.495384],[-0.001524,1.622645982024551e-7,0.999998,-2.365797]],"boundingbox":[[-0.162598,-2.510437,-0.106953],[4.93234,2.489833,0.151432]]},{"name":"Bone42","parent":"Bone45","initpos":[4.509411,9.5367431640625e-7,-0.0],"initquaternion":[0.0,0.0,0.0,1.0],"initscale":[1.0,1.0,1.0],"offmtx":[[0.000022,-0.999999,1.9613291613040929e-7,8.080771],[0.999998,0.000022,0.001524,5.495376],[-0.001524,1.622645982024551e-7,0.999998,-2.365798]],"boundingbox":[[0.020161,-3.010803,-0.222947],[3.520187,1.989723,0.283149]]},{"name":"Bone41","parent":"Bone42","initpos":[2.529078,-2.237258,0.01713],"initquaternion":[0.0,0.0,0.0,1.0],"initscale":[1.0,1.0,1.0],"offmtx":[[1.0,0.0,0.0,0.0],[0.0,1.0,0.0,0.0],[0.0,0.0,1.0,0.0]],"boundingbox":[[0.0,0.0,0.0],[0.0,0.0,0.0]]},{"name":"Bone43","parent":"Bone41","initpos":[0.97772,0.000002,-2.384185791015625e-7],"initquaternion":[0.0,0.0,0.0,1.0],"initscale":[1.0,1.0,1.0],"offmtx":[[0.000019,-0.999999,1.924981489764832e-7,4.573954],[0.999998,0.000019,0.001533,7.732627],[-0.001533,1.6209443742809527e-7,0.999998,-2.382995]],"boundingbox":[[-0.004039,-0.277282,-0.025275],[1.495969,0.222877,0.060284]]},{"name":"Bone31","parent":"Bone43","initpos":[1.500423,0.000022,4.76837158203125e-7],"initquaternion":[0.0,0.0,0.0,1.0],"initscale":[1.0,1.0,1.0],"offmtx":[[0.000019,-0.999999,1.924981489764832e-7,3.073531],[0.999998,0.000019,0.001533,7.732604],[-0.001533,1.6209443742809527e-7,0.999998,-2.382995]],"boundingbox":[[-0.010973,-0.492851,-0.098724],[0.938931,0.457405,0.133703]]},{"name":"Bone48","parent":"Bone42","initpos":[2.903402,-1.009977,0.01713],"initquaternion":[0.0,0.0,0.0,1.0],"initscale":[1.0,1.0,1.0],"offmtx":[[0.000019,-0.999999,1.924981489764832e-7,5.177352],[0.999998,0.000019,0.001533,6.505348],[-0.001533,1.6209443742809527e-7,0.999998,-2.382985]],"boundingbox":[[-0.02338,-0.229454,-0.02722],[1.476628,0.270706,0.05834]]},{"name":"Bone46","parent":"Bone48","initpos":[1.500422,0.000022,2.384185791015625e-7],"initquaternion":[0.0,0.0,0.0,1.0],"initscale":[1.0,1.0,1.0],"offmtx":[[0.000019,-0.999999,1.924981489764832e-7,3.67693],[0.999998,0.000019,0.001533,6.505325],[-0.001533,1.6209443742809527e-7,0.999998,-2.382984]],"boundingbox":[[-0.023028,-0.453674,-0.100655],[0.926877,0.496589,0.131772]]},{"name":"Bone01","parent":"Bone42","initpos":[2.903405,0.231645,0.01713],"initquaternion":[0.0,0.0,0.0,1.0],"initscale":[1.0,1.0,1.0],"offmtx":[[0.000019,-0.999999,1.924981489764832e-7,5.177352],[0.999998,0.000019,0.001533,5.263725],[-0.001533,1.6209443742809527e-7,0.999998,-2.382974]],"boundingbox":[[-0.034674,-0.2359,-0.029103],[1.465335,0.264259,0.056456]]},{"name":"Bone02","parent":"Bone01","initpos":[1.500422,0.000023,2.384185791015625e-7],"initquaternion":[0.0,0.0,0.0,1.0],"initscale":[1.0,1.0,1.0],"offmtx":[[0.000019,-0.999999,1.924981489764832e-7,3.67693],[0.999998,0.000019,0.001533,5.263702],[-0.001533,1.6209443742809527e-7,0.999998,-2.382974]],"boundingbox":[[-0.044869,-0.458023,-0.102542],[0.905036,0.49224,0.129885]]}],"boundingbox":[[-8.509544,2.134456,-4.195478],[6.901721,27.436286,5.142179]]}