{"skeleton":[{"name":"root","parent":"root","initpos":[0.0,0.0,-0.0],"initquaternion":[0.707106,0.0,0.0,0.707106],"initscale":[1.0,0.999999,0.999999],"offmtx":[[1.0,0.0,0.0,0.0],[0.0,1.0,0.0,0.0],[0.0,0.0,1.0,0.0]],"boundingbox":[[0.0,0.0,0.0],[0.0,0.0,0.0]]},{"name":"bone_109","parent":"root","initpos":[-0.000465,-2.96331,-34.151927],"initquaternion":[0.500825,0.498259,0.507199,0.493619],"initscale":[0.999999,0.999999,0.999999],"offmtx":[[-0.011026,-0.016135,0.999809,3.513789],[-0.001645,-0.999868,-0.016154,34.099552],[0.999938,-0.001823,0.010998,0.095321]],"boundingbox":[[-0.038206,-4.507574,-2.270277],[3.972787,2.148681,2.326175]]},{"name":"bone_114","parent":"bone_109","initpos":[3.05421,0.0,1.2665987014770509e-7],"initquaternion":[-0.025171,-0.15796,0.137741,0.977467],"initscale":[0.999999,0.999999,0.999999],"offmtx":[[0.291334,-0.29246,0.910819,9.901358],[-0.091418,-0.956274,-0.277814,32.633472],[0.952243,-0.002328,-0.305331,0.1395]],"boundingbox":[[-0.524041,-3.230575,-2.074741],[3.116169,1.47652,1.795194]]},{"name":"bone_116","parent":"bone_114","initpos":[2.573625,0.0,0.0],"initquaternion":[-0.013559,0.024356,0.017448,0.999459],"initscale":[0.999999,0.999999,0.999999],"offmtx":[[0.240871,-0.324541,0.914687,8.42433],[-0.126683,-0.944886,-0.301895,32.337528],[0.962253,-0.043158,-0.26871,1.404842]],"boundingbox":[[-0.311602,-1.645683,-1.172356],[2.550485,1.452489,1.013248]]},{"name":"bone_118","parent":"bone_116","initpos":[2.410089,-0.000022,-0.0],"initquaternion":[0.038085,0.121412,-0.21302,0.968726],"initscale":[0.999999,0.999999,0.999999],"offmtx":[[0.021058,0.106565,0.994082,-8.109351],[0.008049,-0.994289,0.106416,31.877733],[0.999746,0.00576,-0.021795,-1.382349]],"boundingbox":[[-0.362168,-0.881684,-0.7686],[2.341927,0.769933,0.67074]]},{"name":"bone_110","parent":"bone_118","initpos":[2.165066,-0.000005,-0.0],"initquaternion":[-0.009709,0.017861,-0.131886,0.991056],"initscale":[0.999999,0.999999,1.0],"offmtx":[[-0.014629,0.362866,0.931726,-18.209362],[-0.010686,-0.931829,0.362738,28.113554],[0.999835,-0.004649,0.017509,-1.307942]],"boundingbox":[[-0.243617,-1.24122,-0.419683],[3.295231,0.49194,0.208872]]},{"name":"bone_123","parent":"bone_109","initpos":[1.430931,1.304252,-2.226134],"initquaternion":[0.004504,-0.003283,-0.712326,0.701826],"initscale":[0.999999,0.999999,0.999999],"offmtx":[[-3.0547360552191096e-7,0.999998,0.001296,-32.826736],[0.000022,-0.001296,0.999998,1.62081],[0.999999,3.352759563313157e-7,-0.000022,2.244338]],"boundingbox":[[0.000383,-0.697381,-0.031451],[1.118291,0.699188,-0.031419]]},{"name":"bone_120","parent":"bone_123","initpos":[0.287548,0.005016,-0.021483],"initquaternion":[0.0,0.0,-0.000648,0.999999],"initscale":[1.0,1.0,1.0],"offmtx":[[3.3029490964509025e-7,0.999999,0.0,-33.116348],[1.1274820366224958e-7,-0.0,0.999999,1.57282],[0.999999,-3.3029493806679968e-7,-1.1274821076767694e-7,2.26588]],"boundingbox":[[-0.011501,-0.701322,-0.024356],[0.825572,0.693802,-0.024355]]},{"name":"bone_121","parent":"bone_120","initpos":[0.236125,-0.412587,-0.013671],"initquaternion":[0.0,0.0,-0.011117,0.999938],"initscale":[1.0,1.0,1.0],"offmtx":[[-3.08062510612217e-7,0.999752,-0.022234,-33.38837],[-0.000001,0.022234,0.999752,1.243341],[0.999999,3.352759563313157e-7,0.000001,2.279533]],"boundingbox":[[0.018081,-0.290067,-0.023745],[0.5884,0.280251,-0.023744]]},{"name":"bone_128","parent":"bone_109","initpos":[1.3815,1.296875,2.256477],"initquaternion":[-0.701826,0.712326,-0.003283,0.004504],"initscale":[0.999999,1.0,0.999999],"offmtx":[[-7.972117259669176e-7,0.999998,0.001296,-32.826744],[-0.000011,0.001296,-0.999998,-1.620734],[-0.999999,-8.121132282212784e-7,0.000011,2.238548]],"boundingbox":[[0.00038,-0.699189,-0.001489],[1.118285,0.69738,-0.001473]]},{"name":"bone_126","parent":"bone_128","initpos":[0.287551,-0.005016,-0.021484],"initquaternion":[0.0,0.0,0.000647,0.999999],"initscale":[0.999999,0.999999,1.0],"offmtx":[[9.96792437035765e-7,0.999999,0.0,-33.116367],[-2.0029249014896778e-7,0.0,-0.999999,-1.57282],[-0.999999,9.96792437035765e-7,2.002925043598225e-7,2.259955]],"boundingbox":[[-0.011514,-0.693803,0.005598],[0.82556,0.701321,0.005599]]},{"name":"bone_127","parent":"bone_126","initpos":[0.236118,0.412587,-0.013671],"initquaternion":[2.384062440796697e-7,0.0,0.011118,0.999938],"initscale":[1.0,1.0,1.0],"offmtx":[[-8.017224786271981e-7,0.999752,-0.022234,-33.388378],[-0.0,-0.022234,-0.999752,-1.243345],[-0.999999,-8.015108505787794e-7,0.0,2.273686]],"boundingbox":[[0.018075,-0.280251,0.006209],[0.58839,0.290067,0.006209]]},{"name":"bone_101","parent":"bone_109","initpos":[1.32524,0.851737,0.016475],"initquaternion":[-0.00554,-0.000619,0.999303,-0.036894],"initscale":[0.999999,0.999999,0.999999],"offmtx":[[-5.485489964485168e-7,0.089831,-0.995956,-4.634721],[-8.200811407732544e-7,0.995956,0.089831,-32.995944],[1.0,8.660426829010248e-7,-4.726619522443798e-7,-0.000024]],"boundingbox":[[-0.032385,-0.973144,-1.892929],[2.868977,1.496088,1.857071]]},{"name":"bone_119","parent":"bone_109","initpos":[1.124722,1.505283,0.015346],"initquaternion":[-0.00541,-0.001344,0.995444,0.095179],"initscale":[0.999999,0.999999,0.999999],"offmtx":[[-2.8498465098891759e-7,-0.173619,-0.984812,3.830312],[-8.752481335250195e-7,0.984812,-0.173619,-32.456569],[0.999999,8.124767418848933e-7,-4.3261670157335177e-7,-0.000029]],"boundingbox":[[0.015636,-0.138279,-1.667943],[2.415649,0.211792,1.632056]]},{"name":"bone_103","parent":"bone_109","initpos":[1.79607,2.18086,1.893976],"initquaternion":[0.062492,0.988867,-0.005455,-0.134932],"initscale":[0.999999,0.999999,0.999999],"offmtx":[[0.276495,-0.110113,-0.954685,1.871444],[-0.030631,-0.993918,0.105767,31.927001],[-0.960526,-4.0233126696875845e-7,-0.278186,1.467385]],"boundingbox":[[-0.077485,-0.56045,-0.470929],[2.358962,0.340975,0.578938]]},{"name":"bone_122","parent":"bone_103","initpos":[1.879371,0.000001,1.1920928955078126e-7],"initquaternion":[-0.001693,-0.010664,0.047132,0.99883],"initscale":[1.0,1.0,0.999999],"offmtx":[[0.252009,-0.203217,-0.946146,3.030365],[-0.052303,-0.979133,0.196371,31.779277],[-0.96631,-7.376074222520401e-7,-0.257379,1.543143]],"boundingbox":[[0.002432,-0.87542,-0.808796],[1.994223,0.574508,0.693534]]},{"name":"bone_107","parent":"bone_109","initpos":[1.837311,2.187017,-1.845905],"initquaternion":[-0.145725,-0.007772,0.987308,0.06265],"initscale":[0.999999,0.999999,0.999999],"offmtx":[[-0.276495,-0.110114,-0.954685,1.871422],[-0.030633,0.993918,-0.105767,-31.926996],[0.960526,7.711348644079408e-7,-0.278187,1.467455]],"boundingbox":[[-0.077514,-0.34098,-0.470827],[2.358934,0.560443,0.57904]]},{"name":"bone_102","parent":"bone_107","initpos":[1.879371,0.000003,1.1920928955078126e-7],"initquaternion":[0.001693,-0.010664,-0.047132,0.99883],"initscale":[0.999999,1.0,0.999999],"offmtx":[[-0.252009,-0.203217,-0.946146,3.030347],[-0.052304,0.979133,-0.196371,-31.77927],[0.96631,4.880128585682542e-7,-0.25738,1.543212]],"boundingbox":[[0.002405,-0.574518,-0.808693],[1.994196,0.875411,0.693637]]}],"boundingbox":[[-3.569426,30.922954,-5.003308],[3.569417,38.614974,9.514179]]}