{"skeleton":[{"name":"root","parent":"root","initpos":[0.0,0.0,-0.0],"initquaternion":[0.707106,0.0,0.0,0.707106],"initscale":[1.0,0.999999,0.999999],"offmtx":[[1.0,0.0,0.0,0.0],[0.0,1.0,0.0,0.0],[0.0,0.0,1.0,0.0]],"boundingbox":[[0.0,0.0,0.0],[0.0,0.0,0.0]]},{"name":"Bone002","parent":"root","initpos":[-281.220001,700.955139,-692.393554],"initquaternion":[-0.320628,0.651501,0.3036,0.616903],"initscale":[0.999999,0.999999,0.999999],"offmtx":[[0.004269,0.999975,0.005546,-695.063354],[-0.792364,-0.0,0.610047,-650.445007],[0.610033,-0.006999,0.792344,-378.998504]],"boundingbox":[[-26.657464,-133.936889,-138.852966],[242.609054,146.163909,141.247894]]},{"name":"Bone004","parent":"Bone002","initpos":[-7.049987,3.770996,1.675567],"initquaternion":[0.029485,0.946203,-0.322147,0.007107],"initscale":[0.999999,1.0,1.0],"offmtx":[[4.223001894843037e-7,-0.999999,0.0,685.332092],[-0.999999,-4.2230013264088486e-7,-0.000007,-283.210601],[0.000007,0.0,-0.999999,704.54602]],"boundingbox":[[16.58447,-9.735074,-10.883768],[304.333251,8.229104,7.398306]]},{"name":"Bone006","parent":"Bone004","initpos":[44.265319,0.260437,-9.195007],"initquaternion":[-0.364279,0.390536,-0.171859,0.827796],"initscale":[0.999999,0.999999,0.999999],"offmtx":[[0.569052,-0.635891,0.521363,196.844421],[-0.675535,4.619358549007302e-7,0.737327,-717.758178],[-0.46886,-0.771778,-0.429567,668.449279]],"boundingbox":[[-0.000035,-25.744386,-25.706319],[117.309532,13.419818,13.457275]]},{"name":"Bone012","parent":"Bone004","initpos":[36.412658,5.017974,3.761474],"initquaternion":[0.825436,0.173981,0.396404,0.362282],"initscale":[0.999999,0.999999,0.999999],"offmtx":[[-0.574438,-0.625186,-0.528357,610.387268],[0.676969,-4.172322576323495e-7,-0.73601,710.909484],[0.460144,-0.780474,0.423232,342.500061]],"boundingbox":[[-0.000207,-19.74179,-15.697662],[117.30941,19.422187,23.465633]]},{"name":"Bone014","parent":"Bone004","initpos":[126.687255,4.83963,1.534851],"initquaternion":[0.825436,0.17398,0.396404,0.362281],"initscale":[0.999999,0.999999,0.999999],"offmtx":[[-0.574437,-0.625187,-0.528357,555.228637],[0.67697,-5.364415756048402e-7,-0.736009,712.427185],[0.460144,-0.780474,0.423234,271.017547]],"boundingbox":[[-0.0002,-18.119346,-19.283729],[117.309326,21.044607,19.879583]]},{"name":"Bone008","parent":"Bone004","initpos":[126.487731,-7.64151,-6.084533],"initquaternion":[-0.340595,0.411354,-0.122703,0.836496],"initscale":[1.0,0.999999,0.999999],"offmtx":[[0.569053,-0.635892,0.521362,141.68605],[-0.675534,2.6822092991096726e-7,0.737328,-710.126953],[-0.468861,-0.771777,-0.429567,607.360351]],"boundingbox":[[-0.00004,-18.218406,-18.899597],[117.309539,20.945848,20.263988]]},{"name":"Bone010","parent":"Bone004","initpos":[210.249786,-11.215545,-3.534301],"initquaternion":[-0.364279,0.390536,-0.171859,0.827795],"initscale":[0.999999,0.999999,1.0],"offmtx":[[0.569054,-0.635891,0.521362,87.718002],[-0.675533,4.4703472212859199e-7,0.737328,-705.832275],[-0.468861,-0.771778,-0.429566,543.294372]],"boundingbox":[[-0.000043,-14.026811,-16.536762],[117.30957,25.13747,22.626865]]},{"name":"Bone016","parent":"Bone004","initpos":[211.90863,4.542266,3.160949],"initquaternion":[0.825436,0.17398,0.396404,0.362281],"initscale":[0.999999,0.999999,0.999999],"offmtx":[[-0.574437,-0.625187,-0.528358,501.260925],[0.67697,-6.109477226345916e-7,-0.736009,711.029174],[0.460144,-0.780474,0.423234,205.055953]],"boundingbox":[[-0.000196,-19.415498,-18.817173],[117.309402,19.748466,20.346145]]},{"name":"Bone026","parent":"Bone002","initpos":[34.793701,-8.070495,-7.199493],"initquaternion":[-0.000018,-2.4028310008361589e-7,1.0079388346184715e-7,1.0],"initscale":[1.0,1.0,1.0],"offmtx":[[0.004269,0.999975,0.005546,-729.857421],[-0.792387,-0.0,0.610018,-642.360473],[0.610003,-0.006999,0.792368,-371.82315]],"boundingbox":[[-0.000061,-51.88515,-76.335876],[103.409599,80.25238,93.130607]]},{"name":"Bone020","parent":"Bone026","initpos":[32.512268,-36.023681,-29.620422],"initquaternion":[-0.000028,0.000001,2.1352991552703316e-7,1.0],"initscale":[1.0,1.0,1.0],"offmtx":[[0.004268,0.999975,0.005544,-762.369018],[-0.792422,-0.0,0.609972,-606.316894],[0.609958,-0.006997,0.792402,-342.239074]],"boundingbox":[[-6.894025,-2.366016,-6.54486],[12.58944,9.542507,8.727394]]},{"name":"Bone018","parent":"Bone026","initpos":[32.512268,-46.476318,30.522888],"initquaternion":[0.000148,2.3827617212646147e-7,-9.57211682361958e-7,1.0],"initscale":[1.0,0.999999,0.999999],"offmtx":[[0.004271,0.999975,0.005544,-762.368286],[-0.792206,-1.990702571674774e-7,0.610253,-596.005126],[0.610238,-0.006999,0.792186,-402.169097]],"boundingbox":[[-6.893979,-2.361583,-6.544887],[12.589488,9.54272,8.724794]]},{"name":"Bone024","parent":"Bone026","initpos":[100.348266,7.022521,47.942687],"initquaternion":[-0.000021,2.3469007714993496e-7,1.483085725340061e-7,1.0],"initscale":[1.0,1.0,1.0],"offmtx":[[0.004269,0.999975,0.005546,-830.205566],[-0.792413,-0.0,0.609984,-649.364807],[0.609969,-0.006999,0.792393,-419.793609]],"boundingbox":[[-0.000111,-20.0555,-25.550025],[76.15142,20.220552,27.933803]]},{"name":"Bone022","parent":"Bone026","initpos":[100.348144,20.940795,-32.160736],"initquaternion":[-0.000021,2.3469007714993496e-7,1.483085725340061e-7,1.0],"initscale":[1.0,1.0,1.0],"offmtx":[[0.004269,0.999975,0.005546,-830.205444],[-0.792413,-0.0,0.609984,-663.286499],[0.609969,-0.006999,0.792393,-339.690826]],"boundingbox":[[-0.000003,-20.054859,-25.549903],[76.151473,20.221195,27.93394]]}],"boundingbox":[[-456.481201,380.998748,534.477539],[-114.085418,935.80957,876.920227]]}